domain_: 0 1
degree_: 3
order_: 4
dim_space_: 20
is_periodic_: 1
number_of_all_knots_: 28
all_knots_: -0.188295 -0.137405 -0.0771841 -0.0182358 0.0186599 0.0593723 0.113656 0.177269 0.226039 0.284987 0.346056 0.399067 0.454623 0.485581 0.517388 0.54665 0.584818 0.639525 0.695929 0.751484 0.811705 0.862595 0.922816 0.981764 1.01866 1.05937 1.11366 1.17727 
dim_point_: 3
control_points_:   -16.069   37.1351 -0.814145
-11.4554  48.0392 0.872382
0.648342  60.1215  5.25077
13.0588 48.5784  1.2756
  17.7725   37.3284 -0.211222
 23.2403  24.7242 -2.73351
 35.1484  11.9509 -6.36165
  39.6312 -0.365577  -14.5286
 42.0119 -13.8077  -16.563
 38.4225 -25.2571 -14.9504
 34.4845 -38.3237  -8.8428
  16.695 -37.9673 -1.40756
 1.86422 -37.8753  3.07124
 -16.0172  -37.7246 0.0840355
-34.3913 -39.0796  -8.2532
-38.6773 -25.3775   -15.21
-41.6029 -14.0463  -17.256
 -39.9327 -0.746788  -15.3966
-35.4795  11.4713 -7.68755
-22.545 24.1855  -3.292
  -16.069   37.1351 -0.814145
-11.4554  48.0392 0.872382
0.648342  60.1215  5.25077
13.0588 48.5784  1.2756
